100 100
251 32 -185 216 -467 634 -124 -233 -503 -751 -114 369 -718 846 37 -28 587 105 115 -228 -293 -60 -454 -148 -121 557 24 -94 806 -101 312 156 310 714 107 -73 -837 -21 34 297 194 396 -65 -24 78 173 -134 -765 -269 435 -799 579 625 -542 -251 131 -243 -177 -485 303 -530 -906 430 165 190 472 323 343 40 92 572 86 -795 136 -241 -497 357 -244 205 -349 693 -476 590 -253 379 -208 -822 -553 191 -407 408 116 -89 -259 -1 581 26 163 42 -796
512 -159 -361 -259 140 -411 -60 -658 -55 91 656 77 41 146 -84 -276 -759 -45 -153 -50 128 278 246 -233 292 130 -17 312 139 382 154 -32 -4 -305 205 -217 -16 460 416 -321 -103 428 68 265 -208 149 191 -220 301 378 262 281 -150 118 -237 -40 219 -63 204 668 -33 -42 -265 -344 -15 -145 6 172 -93 -375 -80 -509 136 -347 -145 340 68 -57 -50 -7 497 -141 -53 74 -328 281 -17 620 -375 156 -458 28 -344 -303 -252 -112 -209 91 329 -825
625 565 3 32 323 -677 -407 -344 482 -438 30 92 -762 -255 -392 131 70 198 436 399 -13 515 221 -71 -136 -391 -49 257 1034 194 -400 -263 59 -203 194 -192 -387 -307 -204 -110 -71 276 -262 -705 356 723 137 -583 13 -921 -415 -276 -658 -769 -98 245 -254 88 -97 -318 -354 263 253 68 590 495 -591 -96 401 -193 -53 -205 113 138 -547 -538 -449 -574 984 -118 -317 96 -73 97 561 -256 300 -525 -15 -51 -68 -299 133 -123 457 -310 -522 -158 -948 -90
748 345 351 -4 -434 -386 289 120 70 54 610 363 313 68 209 197 -29 319 -119 -742 -72 -163 -302 -224 -740 463 215 -137 -326 203 166 -226 169 671 269 -251 693 497 -472 264 491 547 -619 -189 48 -535 -258 692 -120 95 -48 337 231 28 249 -214 -301 291 200 -234 93 413 -42 1 477 -64 -531 -180 328 -885 74 -194 463 -352 292 326 435 -309 -414 228 352 -524 301 94 -78 475 -1031 12 238 477 448 223 -424 291 335 226 7 47 98 189
185 -17 901 377 16 221 214 71 -156 420 288 -300 -323 107 56 -391 149 337 126 391 -169 -88 27 -613 -73 -426 366 39 -154 -239 -424 -976 -767 382 -543 -124 -95 -294 30 -630 188 -197 270 400 -199 -138 -169 253 -352 454 -78 -204 391 -516 -287 181 743 390 -308 721 258 69 194 -339 123 4 -69 -2 -92 456 396 -321 158 -474 631 -15 673 86 454 196 -522 -119 575 -55 -24 -76 -620 -122 25 348 846 113 -450 -207 -566 -141 -178 -346 -104 -6
-303 -36 285 23 436 -481 -383 -638 -64 282 -122 123 -45 38 -166 -944 -534 -136 -186 72 -53 11 460 -66 272 165 -254 141 -148 133 0 876 -519 302 147 540 -150 -2 492 -302 -92 -65 16 169 62 -593 879 8 574 53 -321 -368 -225 -121 -603 119 -329 -110 664 -22 -15 11 559 -30 -61 -5 -137 -46 -131 -305 -417 605 -53 -573 479 218 -246 443 73 191 -89 403 213 -27 463 40 135 528 -129 -342 177 -508 -123 -185 219 431 296 114 879 -111
-517 366 222 183 -208 307 500 170 -212 57 248 -423 100 521 -343 428 581 111 -508 452 471 102 230 -40 -116 -10 -15 -188 60 541 -161 -787 -802 601 -213 -186 -521 -523 -367 -268 -238 -165 410 436 -804 -152 -283 221 96 -103 -183 170 115 157 394 -645 -428 -469 102 -259 -15 257 -276 397 38 16 -447 -36 305 165 248 400 -581 868 685 -202 545 -179 293 -610 273 299 323 -398 -287 188 -38 -683 -40 439 -267 -363 804 -322 296 5 394 -60 -322 57
-283 -196 404 169 222 374 874 622 101 -411 -354 11 77 681 -264 36 79 26 -174 500 -97 -133 262 114 205 38 605 437 117 -180 78 -110 -762 -527 -314 -17 356 -478 -374 -451 374 397 304 55 -299 239 29 453 -494 91 193 -454 54 -524 213 -313 301 66 -163 -228 995 -308 458 -120 -68 -383 26 -518 -229 332 309 267 -168 -450 -513 -84 -257 757 -404 484 -397 -502 530 -868 50 -852 830 -316 -489 321 495 251 375 363 -43 110 -556 -61 884 -165
739 -321 -323 -866 89 21 -544 544 126 -447 81 107 -222 634 -227 731 164 102 -226 277 328 -460 -42 -196 891 773 -113 305 -54 -96 451 -494 372 -325 -593 -246 123 115 -459 -261 -453 812 285 -137 -378 464 476 -860 100 215 128 132 -708 153 250 -195 -781 315 -305 605 275 365 338 -38 -165 -289 -166 18 -637 46 473 -130 -125 -92 -228 -487 -132 -492 812 -338 531 -362 146 225 -363 309 -166 -305 230 243 -594 -18 -477 485 478 -481 -332 322 -387 -496
142 -440 -121 -449 206 -210 -5 306 -229 89 560 268 -290 -864 -83 295 -260 -98 -150 -334 -123 412 -405 -269 383 103 -147 -343 -639 59 324 552 -262 787 785 -60 10 596 40 899 414 -294 -611 308 165 -609 198 72 343 -34 1021 526 151 326 396 101 561 221 154 -198 -401 240 -408 -299 -24 496 380 44 185 -538 338 184 472 57 589 -543 489 -832 -245 -210 736 546 -439 33 -88 396 -180 154 -279 -526 -199 -511 -300 -408 -629 -17 730 -328 59 499
447 596 885 -362 -567 -613 137 515 -1 344 200 87 -306 -456 378 -187 576 -857 -126 -351 -674 41 -493 -216 -665 15 -278 -807 -216 438 -180 -368 -80 -184 -492 -450 302 -404 222 -25 726 -304 580 -487 90 -33 -997 -741 -499 276 -748 -290 117 -209 -479 359 -465 99 -284 191 353 -50 111 -25 367 344 949 -394 227 221 489 64 -112 -411 81 167 72 444 -43 -304 -19 -506 155 585 502 -464 203 173 354 444 452 180 -1076 337 -53 79 -51 -107 -320 -300
-7 -94 108 -197 133 382 165 -129 -54 -1161 203 625 -193 147 -379 728 -515 -448 149 -631 315 222 -352 -199 220 508 618 128 273 42 60 -183 17 -263 -374 -192 -291 -383 -926 -91 260 588 -451 -45 -67 472 251 -186 -217 530 -622 -237 123 -584 504 276 -638 537 -41 537 -204 -210 692 29 9 -308 -119 -356 120 163 461 187 150 -231 -352 29 16 337 -40 -398 -358 -267 36 -214 -322 91 749 -337 257 -80 22 63 -385 754 -145 -138 469 -17 -397 77
206 -133 -152 111 4 590 196 -105 -13 -262 306 177 -55 209 -114 15 305 187 446 -468 73 -914 -162 -229 -40 273 73 25 -2 -380 71 -180 494 52 47 -282 136 417 -626 245 -354 -52 6 311 -40 484 330 -247 -625 109 -395 162 -286 210 -234 -112 6 -130 -285 474 -1146 56 365 -48 -480 394 -34 466 -574 799 269 -398 87 -78 109 -275 -152 -420 25 90 73 -153 -316 -626 -427 270 381 -437 492 -88 279 527 -451 313 -1042 -191 -717 510 234 -625
-145 524 182 306 345 66 -369 -334 675 283 -227 -544 309 -210 348 -410 -403 282 -179 727 98 422 713 -632 137 590 251 431 -400 530 -232 359 -195 -237 -433 244 195 484 436 -46 -831 321 -220 160 486 -451 324 -353 821 467 -169 417 -210 -577 457 176 44 -227 247 -204 436 152 -163 269 311 -706 318 -237 497 -497 131 83 851 155 101 444 26 -192 -124 -383 -357 52 154 -387 130 -5 34 142 -373 30 20 -454 600 -78 -4 337 207 -514 -36 63
-271 6 -216 23 -319 -290 171 377 -111 -251 251 670 67 -661 -250 728 142 -102 -274 -799 466 186 -83 -217 297 25 557 -382 -128 451 -839 -276 -121 206 -337 378 -181 -441 -486 -256 -157 -426 -73 -261 -285 448 -51 -127 -1002 -502 76 -267 -111 -424 -12 668 -878 -325 -394 684 -533 31 811 -61 -138 -540 357 -547 -401 146 455 110 -249 -237 58 -619 -359 96 386 -742 256 64 155 50 -448 425 576 69 282 192 443 -239 -310 -251 -172 -171 418 -596 -479 -170
497 -233 443 -278 -60 -226 -516 -323 -408 -1 117 -528 -15 -375 -248 -497 -500 -49 -358 -420 -581 -319 -467 -376 -589 164 -14 -312 -969 240 -141 -316 158 127 0 -509 181 423 199 -238 375 -140 945 86 -501 512 -426 298 -133 -163 779 173 -178 725 17 -241 499 -34 205 -327 -762 149 -320 35 -145 -127 -938 -532 -223 120 -388 -90 -360 -476 311 -302 12 218 258 866 -6 -237 -555 -338 -76 517 -8 68 -228 66 335 31 -592 684 544 -283 -277 172 532 404
553 -131 246 -33 151 -625 -21 271 82 274 173 -78 96 292 -947 -651 233 -588 316 -103 481 -425 -228 243 437 134 -464 290 150 -261 -307 46 -692 -185 -62 11 257 299 18 764 235 21 -80 -93 -71 141 -209 25 -527 -131 164 -256 -122 154 -233 -389 186 -108 71 193 39 61 44 -284 -297 117 -309 -62 -321 179 -132 181 -424 73 76 154 -131 521 159 -132 -75 14 130 -178 57 -369 402 262 439 -133 -314 343 -26 165 -331 165 -784 241 199 189
332 66 -145 189 -640 -133 29 162 208 48 582 278 242 -21 -120 183 33 -665 -41 -611 591 191 -395 -396 324 310 -350 269 -395 -417 -61 99 625 50 -71 -29 -501 483 501 715 -292 424 -347 -165 47 -288 -166 -209 540 66 -247 830 -10 450 88 -101 -23 -731 -554 168 -212 -111 479 -4 133 -526 463 -242 -38 176 474 8 653 -86 -149 397 -318 -762 -716 -330 -73 96 61 217 137 313 507 -288 354 138 -143 70 325 467 -123 180 -56 57 -404 -276
-195 -536 112 56 956 -360 243 -527 -309 158 -391 -170 113 -41 358 -367 -342 373 231 777 -281 369 555 -455 33 224 353 -325 -208 434 133 252 -154 -259 -81 -490 316 -161 80 -710 323 -327 30 459 -32 -764 737 930 222 182 243 213 -96 -487 196 -264 -298 556 99 630 144 129 120 485 2 -571 -812 -432 458 -402 -500 -310 -346 -145 112 698 657 337 419 -11 -553 212 -603 180 244 -245 -259 123 -548 -361 -68 -311 -371 -754 579 244 347 -419 690 810
-276 -463 -191 -442 332 -62 34 682 261 331 242 -337 446 -34 -215 50 78 50 -230 -18 191 -9 283 -13 45 -101 173 -358 -287 14 50 606 -417 163 216 -723 -86 119 -167 171 -418 -79 -249 -259 -271 422 -582 53 143 -618 261 248 180 -9 -90 -552 -161 -202 -21 -744 -133 -275 -185 -199 438 490 -450 -509 -348 -246 203 -125 -325 588 -197 -296 -441 -134 367 -426 244 -207 -455 -262 327 136 -127 -286 120 -110 182 156 -218 -331 -53 193 -288 0 36 227
423 173 -198 -333 129 401 122 100 63 517 -12 -235 -56 -498 -101 61 11 -420 112 424 -221 510 -415 153 -336 -125 -195 -218 207 70 -153 -329 -330 -191 440 -644 301 428 222 147 479 309 364 -515 163 35 -455 -243 312 504 412 503 353 679 941 -88 389 603 -230 -115 850 -458 -431 21 41 520 521 410 452 351 120 -356 465 143 -22 195 78 -287 -125 -227 -159 -406 -424 -481 -178 61 155 -32 -513 -207 -587 1050 471 117 -397 -176 36 -553 499 -710
434 56 -648 164 67 26 -69 491 126 -340 274 387 -395 -408 -36 -199 -646 -284 15 -218 -65 663 -629 890 171 -106 340 206 152 -223 37 604 -147 306 567 -400 -189 -164 11 241 139 -345 236 8 -173 -558 -271 -421 -161 10 363 -1096 178 498 -530 288 46 184 -314 121 199 49 -404 -160 -170 275 662 -282 -30 -33 -66 -363 -66 442 -950 -218 42 -41 498 -9 313 -166 39 179 410 172 117 200 -392 -747 107 -983 342 -401 -290 -307 -65 -189 -346 -175
-476 -535 -475 174 -257 -523 -185 212 -167 55 -849 31 508 -343 290 -74 -739 -69 -135 -208 -20 697 -250 228 -277 542 683 43 -21 280 -171 -103 -185 -372 67 318 -214 331 281 277 -365 -412 -968 215 -213 254 162 522 37 -143 235 -380 242 -17 239 -304 -355 -244 -611 185 -217 58 -575 -592 -19 40 -214 331 -569 -445 -209 -67 152 349 -707 706 111 107 -27 105 -208 159 -879 -94 126 -324 714 32 -614 65 -59 -431 485 -279 177 163 64 -476 545 458
-313 77 -482 256 358 -201 96 82 -327 242 536 -376 -110 -404 271 228 73 -154 -111 -261 -203 117 -187 -213 145 675 395 168 230 153 -115 256 285 -147 123 -292 294 69 372 -520 211 -46 451 227 225 -515 -70 -290 -423 142 650 29 -323 271 565 -202 -678 -63 192 548 -40 131 -238 317 75 -421 139 -130 -127 -197 526 -577 -214 -445 -193 -456 308 -606 214 -386 -374 -662 288 -54 -374 -74 344 242 468 -243 -392 -310 -22 391 -95 -130 617 -156 -40 -353
371 417 -1019 -321 -718 158 623 208 83 -133 329 559 641 -358 590 139 -403 -222 249 -383 508 -42 -492 464 130 75 -340 357 195 -142 21 290 1104 -358 14 287 -592 7 -367 -20 166 1 -496 110 -240 111 -318 -330 332 161 -383 -8 -292 222 -75 106 -205 -603 -901 64 -181 -106 137 -69 -322 525 432 54 -626 73 279 5 74 335 30 505 -293 -547 -463 126 262 40 -133 260 173 -76 342 -456 -574 167 63 62 479 38 302 -41 -14 662 178 -85
204 -28 -332 -92 -346 106 -399 281 207 156 181 220 707 434 -795 272 -223 219 498 13 409 82 592 -306 389 -668 36 -314 103 -104 -524 371 -696 549 138 -49 -66 -31 -153 145 -597 -474 592 -281 249 -517 107 104 -557 -43 419 -341 -555 279 -130 675 151 -268 116 69 743 -7 -270 346 -482 49 578 -369 -65 341 77 66 89 937 118 -332 -720 -109 -412 342 281 693 111 -228 -395 115 -6 -121 264 202 752 147 -256 -837 123 -110 -157 -87 37 -638
348 115 -45 -469 -346 267 -67 410 55 -122 -559 520 -396 137 -220 -629 623 -33 359 382 -518 250 -13 690 -497 -186 -7 -209 243 381 -237 222 -61 -22 171 -189 185 -374 473 -81 489 -161 1104 -293 230 -407 -426 -222 416 488 -143 -349 482 121 -470 247 189 639 79 260 447 -769 265 -650 266 182 127 221 234 -186 219 -28 -545 -144 -255 688 418 259 704 -449 213 -196 -5 93 618 233 -4 687 277 -361 185 251 624 39 -568 -148 -782 -357 21 329
-498 -503 -58 246 -112 42 -291 -587 91 309 226 -72 48 440 -119 -491 -697 370 -691 -420 395 368 205 15 196 330 311 681 -159 -322 -21 -49 -252 454 323 -66 -90 -298 224 278 -539 -32 -694 -157 172 87 238 468 206 -775 -685 -448 117 296 -652 -487 -339 -431 -298 211 -598 249 145 -335 -291 423 238 662 -198 -239 -282 -348 500 6 -70 -46 -411 330 -399 639 190 887 152 -282 19 -20 -93 272 -351 32 625 -356 -1139 -596 -424 899 -611 289 -82 128
43 -32 -451 -22 407 -210 -260 327 104 464 26 288 139 -364 680 -6 -331 -743 111 -297 -278 155 300 36 544 -13 183 194 -601 281 179 -214 21 -706 -334 108 -205 671 607 175 82 374 -451 45 540 824 113 -111 162 -224 -96 -38 -210 443 -649 -170 329 -375 -199 92 -498 -336 478 -140 -50 -61 400 140 -174 407 28 -419 3 309 -485 260 162 100 501 -250 205 -393 -169 147 -275 -142 -499 215 5 138 -32 393 198 -12 -118 479 -364 -311 -399 -375
324 -88 -392 228 -22 -514 -100 266 410 55 608 954 85 -390 -359 -326 -139 203 35 -372 38 -183 849 284 217 -269 -912 233 -344 -10 421 203 -215 -316 -129 482 -35 92 411 719 -455 -18 -317 -104 22 466 199 208 385 -294 -341 -58 -169 -609 -86 142 329 -12 186 -1112 -342 400 189 214 308 110 48 -584 -372 242 -355 -66 405 -328 -17 116 -541 586 410 159 -531 26 116 -342 -16 31 324 392 -293 -335 -373 34 -91 27 -305 244 -194 1119 -300 145
-256 248 256 402 -63 158 309 -209 300 32 -35 -283 108 -246 193 325 134 776 -590 -57 -769 87 351 207 -309 -80 57 -310 -142 -290 367 184 243 -123 82 149 88 85 -208 138 258 -405 883 -177 271 395 -341 123 -284 148 -237 133 76 156 -724 -60 543 320 180 -733 -573 -220 242 425 -33 85 282 -34 -132 74 -172 92 -161 333 -12 -100 -214 130 -101 -403 -658 -696 141 -411 78 -664 -47 115 20 42 323 -224 -496 82 35 297 436 83 -294 363
-645 277 432 156 -177 482 88 336 -732 50 -404 217 -405 -109 607 -446 -147 -611 670 -203 -188 -192 -583 632 -243 -136 -38 -567 22 42 -225 384 546 207 -569 51 217 -448 -17 -400 660 -399 212 849 435 108 -743 -37 -726 660 -778 -647 -536 -185 -250 -230 172 793 200 34 -347 332 62 -102 -21 185 -12 91 315 229 -482 -312 -616 178 -88 488 511 40 237 341 -219 38 -353 -115 -28 -181 632 -55 -247 -15 -398 318 190 299 -131 148 97 71 238 282
146 -76 34 465 220 -204 -455 -220 689 272 260 68 427 135 119 327 -379 -286 -423 94 587 192 -113 215 166 -139 55 444 -262 274 313 251 -24 -213 250 -292 133 635 -14 308 -516 101 -252 74 -70 -402 1225 286 -46 -817 -84 -483 245 -99 131 -121 -127 -254 346 -123 -140 248 226 -253 -95 -375 -447 -405 -482 -36 -6 -239 777 63 -367 -443 -510 228 -59 304 -221 606 361 249 17 -49 -243 258 345 196 -121 -598 245 336 -217 782 -410 -100 -148 185
-150 120 476 -389 -127 -838 217 -19 -392 302 4 -425 -106 -265 -289 -331 134 12 12 161 -262 -403 -965 236 -205 -928 -409 451 -382 344 -243 -384 -126 79 437 92 328 -44 382 -289 514 415 120 -784 -380 -257 -264 -959 -317 -319 544 -149 -84 329 -173 13 -142 -228 -122 -575 -468 80 -107 306 -359 -173 -251 80 -443 -426 -161 -77 -460 -325 133 104 242 60 183 -151 87 318 -458 -148 518 32 14 -531 -135 -215 -174 158 108 -439 -710 -459 -82 313 -26 170
-355 191 -79 -136 106 -107 -290 -247 -104 459 466 -362 10 -62 -853 256 -241 158 43 -45 250 653 -254 165 -439 -400 -233 -250 -137 -27 397 -536 122 837 334 -64 -36 54 286 83 365 -516 -464 137 567 -74 334 43 19 323 72 74 -21 576 42 570 -97 497 745 -140 -348 -45 -1078 -259 10 5 -305 605 560 -285 460 120 277 301 -501 474 317 516 389 -116 -93 152 183 -227 -299 -62 -894 -91 130 137 -54 206 561 -436 271 -195 1064 -84 -288 285
-256 -35 909 604 170 385 -80 183 45 -211 -323 -322 664 156 -647 -796 339 -127 114 -111 653 199 -590 144 -90 305 338 -408 -647 242 426 -284 -58 388 -107 176 449 610 -341 30 -736 106 52 263 158 401 -466 625 -176 100 -22 511 -63 470 356 -560 -431 -67 544 -23 -265 533 -621 -225 -742 -863 -88 476 229 288 -308 -247 -166 88 274 -151 253 60 -388 70 -24 494 -383 -529 -479 464 -510 -426 61 73 -874 -114 -192 -103 619 616 -442 373 230 230
-10 146 472 -426 439 -564 -10 106 -305 418 241 -399 29 -661 495 103 416 -305 -283 84 30 -22 54 -312 -31 -394 -134 177 -1 -108 93 -280 194 -313 129 551 -369 226 62 -237 849 -56 -288 386 577 382 199 -114 -12 806 -228 363 -126 123 -199 100 315 -3 321 146 -296 -371 548 205 -70 154 340 249 -337 544 -599 -257 92 -56 395 95 572 150 -214 -240 -387 85 -102 472 -71 -713 -84 37 351 338 177 680 -563 -34 -367 415 477 26 -281 15
281 -110 -116 -451 -66 9 -218 160 -133 220 237 748 135 -252 242 158 -160 -436 647 -90 -281 -73 -17 270 -311 348 -549 7 -349 400 115 -281 239 -298 -154 -1099 47 180 55 50 649 -588 -88 530 94 -187 237 -136 -18 -220 -221 -82 -480 120 186 -255 -118 711 600 1085 -710 -498 466 -175 -61 311 -528 -559 -192 -292 954 -185 177 -452 -184 247 158 569 585 367 -191 -67 -399 496 -45 -130 397 -448 -459 488 -335 56 -398 -205 -145 -92 492 -17 270 646
38 -227 -247 46 18 128 441 204 -188 478 -273 -475 746 -390 169 -307 313 -350 -100 198 -53 -279 67 616 -5 -361 -260 -813 -189 485 62 384 -111 596 552 -400 444 414 17 -77 621 -200 816 290 502 -202 -452 -355 -939 -188 396 119 56 248 2 27 186 119 463 -198 404 -105 -924 -237 -612 -573 21 -517 350 373 -247 436 -499 510 230 232 -303 393 -318 357 400 -331 -512 -293 -692 -93 132 -309 -27 -182 9 155 370 262 454 -456 55 -223 461 -519
-206 799 70 1 -828 43 -754 69 152 5 258 483 445 360 662 -256 109 329 -812 -824 -230 -463 76 -270 -723 -137 -559 -539 180 219 -26 359 730 -380 -538 428 440 -285 -397 552 185 -509 -210 386 193 -826 363 257 -22 -82 -446 853 -932 462 -35 -316 68 -158 268 220 15 411 -64 -11 303 -198 440 -412 -90 30 194 8 -131 155 -40 366 -425 189 -277 28 915 428 -289 319 -164 321 -2 611 220 308 -199 -161 -569 242 96 835 279 554 143 270
-18 393 -221 108 -222 -23 319 -149 -80 -441 -434 16 -53 -104 -68 73 -135 -345 718 -329 -44 362 76 617 80 217 508 43 293 -158 -155 343 446 356 134 -646 -24 -865 200 -123 416 182 -308 455 110 -79 -340 -74 699 -503 -757 -402 -525 137 236 -346 -164 -32 -331 -94 0 -347 66 166 3 304 20 -72 125 255 -164 576 -201 -390 -899 240 50 -506 109 -304 -56 -399 -105 -155 751 429 617 -190 -507 -276 243 -156 800 761 -15 -269 -327 -608 -537 328
265 -251 301 -503 -53 243 283 156 225 -348 707 171 -231 153 -543 369 -185 7 98 238 282 90 373 -654 -308 22 -72 -245 -376 33 -402 19 -729 925 -314 37 -60 -282 -464 174 -103 -335 272 -359 509 -213 518 -32 -153 603 -228 202 854 -222 -161 202 -214 104 -182 -603 -451 -213 358 132 -435 -103 870 -613 421 84 440 494 742 -477 727 192 117 648 -496 -355 -480 -46 352 139 468 180 -450 79 -145 -329 166 240 -179 -256 -8 58 940 -277 260 49
-405 -171 -264 -241 -1068 132 152 -472 -56 -103 66 525 993 -61 -396 450 474 228 494 -488 -233 -69 458 176 -365 -100 233 186 -431 33 199 -189 -219 -121 391 -622 306 364 -459 -196 -152 107 -187 -296 -535 -843 343 -339 -33 273 135 352 289 971 281 -110 28 99 496 343 347 -893 -216 -189 -447 61 -12 -58 -71 -188 -79 -385 534 -170 -41 198 625 -127 -409 -87 -37 -40 207 -296 -225 -377 246 204 -305 158 15 746 345 -332 -304 -421 238 -424 470 -526
377 -430 -1103 346 482 -158 563 -326 -134 -442 551 628 -282 -814 435 -170 -110 -122 204 -206 -543 353 916 157 90 42 893 -193 -54 1058 -372 195 -48 -332 428 435 203 714 134 -39 -85 139 -332 892 140 358 -140 799 303 486 149 -213 590 -302 -112 369 499 -330 497 -160 -782 -66 -37 296 615 366 -158 357 -115 345 -535 276 -235 109 -329 221 -137 -188 134 -45 -355 -13 -325 -75 -537 -322 196 436 -149 -143 704 -127 470 470 -425 130 266 -427 523 -4
-113 219 -338 -165 248 -60 -179 270 -473 -286 -238 -113 -436 -374 -136 -395 -89 -711 201 58 -522 -60 113 -294 -179 59 -186 277 -157 -276 -83 394 37 -229 491 145 -290 72 696 -517 305 -389 -3 -362 466 91 124 -377 -55 -108 428 -243 9 -372 664 221 416 618 -508 -97 -235 -236 92 -354 -138 189 476 121 -171 -240 41 25 563 -476 -163 -141 739 -233 21 336 -666 326 -123 33 473 -442 90 406 -500 -386 -327 407 51 497 -118 289 242 -21 25 -368
-154 -422 692 133 488 -43 -626 -938 -179 644 87 -631 549 -592 788 -149 -310 -699 -649 250 359 -63 -306 -245 -188 -24 -216 -401 -197 -91 291 245 113 31 61 -364 -249 722 404 -108 27 -43 -246 157 159 699 -266 588 -174 -425 -200 231 -203 -755 -52 -344 -152 139 225 511 -516 -295 -167 -328 114 15 -815 122 306 -708 51 -205 255 -55 397 -47 -280 393 -143 699 -386 157 -591 165 -126 -355 -404 -182 -153 262 -795 191 -321 -499 213 402 272 -205 820 410
187 -569 30 49 -582 -62 857 -337 15 109 511 283 110 -117 -335 -19 -628 -578 -26 -457 104 -248 298 189 443 -1133 -244 288 352 133 -658 -548 -48 -854 -756 819 -279 13 -121 -202 -336 -294 -274 334 -628 415 193 416 534 129 -213 376 -387 297 -370 220 627 -398 -195 -474 -219 -492 -556 218 -294 779 214 229 -374 -7 -196 -45 -8 126 87 -1084 -579 0 -252 154 8 436 -179 278 581 158 47 -260 -389 -420 194 -217 200 224 -487 -256 109 808 368 221
-98 -758 -250 -867 -142 -66 133 -146 468 -52 347 -89 327 18 221 -130 -202 -529 -1156 -329 62 -314 790 391 330 97 -392 524 -182 267 -573 152 756 355 98 -158 -291 64 -38 -319 486 362 297 472 699 -246 103 103 394 -255 -651 212 -590 -385 -275 -761 93 -700 -51 449 428 -677 559 -52 -82 -334 -288 -406 -329 169 -113 -13 209 -291 166 221 8 674 152 404 244 22 -131 35 123 -233 581 -427 247 185 572 464 -200 439 -380 -240 20 -284 450 -39
344 487 -144 461 -243 321 110 -755 -140 -310 288 221 8 -501 512 127 -516 364 113 -118 263 -162 -287 304 -960 -49 375 142 19 698 -62 -365 407 970 557 195 724 -46 -344 -176 -3 241 -653 507 1081 -150 -95 251 253 401 -583 42 -407 110 573 -580 -417 132 398 56 481 370 -437 170 874 -329 -312 -88 263 -496 -108 -191 -277 -233 -204 14 119 -310 -95 398 166 -277 351 -525 -726 -118 -525 109 -196 -364 76 -32 511 576 95 347 601 190 626 -104
-631 -350 45 -273 -239 -3 132 458 -66 -388 164 -530 -628 62 -193 -233 255 -210 17 8 -213 270 -343 1000 -169 -45 -239 141 -140 -325 108 -269 355 387 664 22 586 440 17 -272 254 -429 266 -197 189 -364 -14 -426 75 438 -30 -159 282 555 -131 243 -644 407 509 -305 -501 75 184 -122 -409 -169 596 532 -25 -171 -441 543 192 -99 -238 -114 725 212 -117 -111 212 855 -239 -76 46 294 -822 398 -103 -234 -362 203 -232 312 -449 -69 39 125 -123 75
-14 -506 -220 -396 -213 -370 -1128 -157 -43 60 72 1002 -53 -95 110 -498 -217 -169 423 -77 -41 -769 46 508 -418 -142 -503 -90 -602 -936 -265 -24 777 81 25 79 909 -153 12 354 -393 -115 -200 573 72 646 -94 -1102 279 91 -224 -429 -241 270 -698 298 501 -39 55 208 221 -199 496 -29 -167 253 -149 -142 127 257 23 -31 242 439 334 410 -276 159 391 731 68 176 -113 -306 -52 42 845 783 23 -135 366 443 -758 -92 -813 -600 -349 -76 41 -276
-306 84 300 -1 80 -932 -460 71 145 909 -444 -127 177 -401 -226 -445 458 250 246 343 289 -162 116 94 -67 -487 -997 396 123 -151 -159 -343 225 -558 -319 -283 376 1008 -168 71 -101 -165 341 9 158 -47 930 -40 31 -359 416 570 -18 209 -358 -329 259 -443 879 -411 -342 40 -173 392 -340 16 -837 -95 -278 367 -1094 -205 -213 -261 -438 380 -778 51 180 -137 -599 313 -151 282 -710 -83 -357 240 -122 132 -244 663 -66 -199 336 -333 -323 -259 316 -258
-139 514 569 348 -278 487 5 -289 -205 -161 -718 -964 436 196 26 739 -145 340 126 -269 -259 -174 27 458 -628 135 366 -581 -194 338 -580 -122 -125 53 -96 -529 -44 113 -589 -668 -40 -36 214 -421 358 333 -366 -819 -87 -93 -790 -509 -543 -72 -515 111 74 744 -92 -187 125 -620 -7 -286 -349 -631 -209 -835 -225 223 231 186 341 398 -295 -261 -149 -294 -57 -442 335 -544 167 -370 353 179 -176 -413 -462 213 -67 -627 518 315 -142 -36 -231 -662 5 -46
50 -165 472 47 -657 -248 128 -433 79 -304 197 -210 768 155 -345 81 -434 385 28 113 515 -276 182 135 339 -280 454 655 -369 113 -61 -148 -551 219 7 -359 320 124 174 -410 -402 317 -529 -448 -260 -864 150 -644 742 -148 292 -473 370 173 58 -468 -269 -633 -40 -244 444 -164 221 732 -286 -186 278 -275 -339 -229 282 509 421 176 29 -548 375 -882 -466 -287 -258 441 351 -367 339 -227 -265 346 -84 -540 -42 -737 -258 -164 -155 46 60 119 212 -217
-351 113 408 -29 -577 -163 400 -173 -167 -166 -79 400 -492 -464 83 277 634 -83 -96 163 118 -112 73 -322 -193 457 -304 -414 38 -5 105 -52 -475 -289 -42 510 -451 336 -563 411 -688 -104 279 -84 -312 -447 209 -373 -168 436 58 26 306 -461 -388 451 -156 -57 35 -232 -515 -190 615 -209 -458 -542 -18 -60 -164 -110 72 91 -181 -58 285 635 -466 76 -375 -911 -388 248 145 499 150 -45 -129 201 128 16 -215 -303 -223 -328 -159 -313 726 -653 -24 -207
-590 17 -661 -305 162 330 -89 228 317 -60 -301 -67 -155 -81 65 44 233 -250 186 151 66 -596 -552 92 166 251 -529 277 -323 -483 407 234 60 224 383 95 -203 -279 112 383 -184 330 -290 -138 307 14 -358 -237 -597 161 494 223 51 -204 290 154 -223 -250 -292 355 -259 -244 -283 -752 -69 -4 -274 267 -573 -28 -32 99 -1015 83 -198 433 606 12 126 -272 -101 -109 37 156 263 7 -344 -585 -87 66 -226 38 42 245 63 -390 295 -18 -143 95
-32 -211 797 268 67 -24 11 294 -463 366 -281 19 -108 517 589 -108 -14 -78 177 417 -772 315 -87 -47 310 19 796 206 234 -22 642 138 -53 -837 -671 -100 -292 456 -37 -208 -82 -12 679 -3 211 -64 438 587 24 -153 234 137 -308 50 -41 -38 -287 112 491 -153 -77 -75 -356 470 210 276 -278 441 -34 -297 -717 -1127 -87 -258 -148 -921 -649 -313 304 204 -127 -382 109 589 -59 -248 -106 -702 -446 356 -513 -221 -291 -339 -12 351 -203 306 132 267
35 191 122 -76 340 465 -105 -177 241 -224 -555 -219 343 -267 497 472 413 431 404 7 16 -192 158 138 -305 403 -275 -203 -272 -915 502 126 741 -38 352 -250 677 -547 -522 -49 246 368 -244 -26 432 363 87 -356 -478 -77 -294 -66 -476 59 -224 158 -151 321 -247 379 223 -432 487 -205 -27 -530 -481 -276 285 50 50 -313 525 -675 147 86 -233 928 -647 -328 335 -523 105 -84 41 -540 703 -59 -266 123 16 -156 -98 450 201 134 -645 259 119 507
-20 -188 -176 -22 -263 286 373 158 210 -131 42 395 327 759 566 -105 -529 836 94 -174 32 -75 998 -204 -193 -300 -53 -107 407 450 484 225 -89 42 -711 389 516 199 132 -604 -237 5 167 512 186 -652 862 471 560 664 -188 -19 -243 345 -434 139 -50 695 328 587 -161 -282 615 158 -136 -239 172 662 93 -195 -95 34 -92 -596 24 605 259 296 424 -55 -1 336 -118 -168 -366 9 -181 478 -413 72 162 202 -626 172 225 249 -644 530 333 -130
172 -199 13 84 -147 105 197 -341 22 -599 -119 186 -67 333 592 407 111 -334 517 304 -437 -454 81 -607 -260 -167 142 -184 110 -73 148 447 143 -91 -620 17 -277 -199 49 370 -653 -39 116 -38 -536 11 127 -360 105 346 -562 221 140 -423 -520 154 -63 -291 -130 379 -372 -400 120 264 -109 265 285 -287 539 -340 -119 -122 -242 614 -47 100 302 -105 -531 -211 -125 16 104 681 900 -410 195 -244 -728 -112 139 -387 -684 -893 771 71 156 344 325 459
99 541 5 -51 473 116 -42 -215 -169 195 -154 391 -370 -715 348 -634 -17 -192 769 978 -94 672 -79 261 466 -141 -115 401 137 412 192 411 -869 431 442 -369 200 -55 154 -368 231 -491 161 155 504 -478 74 -115 282 497 -295 -499 4 -126 192 103 -581 594 582 207 -352 144 -60 -157 -190 142 1388 274 201 -272 -237 93 -161 -1065 -128 532 245 388 269 -745 -135 -196 322 256 19 -65 -92 278 -748 -655 -358 265 -116 -191 -500 -584 564 -529 23 77
294 433 140 -290 -174 -529 -183 -304 421 -396 -84 -175 -55 398 -380 475 628 496 -50 -660 278 -544 64 161 -634 -465 -333 -342 -178 505 -196 -47 252 77 324 636 527 -281 2 642 329 473 -566 -221 -481 -353 157 -369 10 318 -216 -92 16 606 -177 -159 167 327 108 286 221 -247 457 150 234 -3 116 161 681 158 164 1165 -435 341 352 25 222 372 292 -666 111 260 346 -142 237 -387 7 523 335 438 -274 281 230 -300 -95 -129 16 235 211 -217
162 -523 357 -357 -450 -439 -223 415 -276 -230 496 -163 252 66 -234 -91 348 -405 66 -403 70 -638 22 -93 -318 -337 -109 -87 -617 -43 -418 -838 505 314 -557 -210 -147 101 -93 -272 138 422 -577 21 247 331 80 -286 -531 -585 388 1075 -243 -296 -98 386 401 -482 116 -62 -89 -474 -474 -65 -172 -12 -385 -330 -454 371 266 -256 182 -84 -353 -402 508 -26 61 441 511 263 -82 107 -218 463 -427 -757 260 439 90 644 -49 -487 -274 492 39 -50 -260 -313
277 591 472 211 189 -131 63 715 -268 665 540 -229 -267 276 480 22 -174 422 -479 -1 -81 547 -5 -63 142 223 383 213 -170 -13 373 -497 -442 -150 -283 -335 -464 -95 -399 533 161 118 -466 110 284 37 -582 30 -142 -279 -64 -282 387 -143 291 -490 -254 -151 -294 -335 508 312 -57 -165 924 104 -106 -96 139 206 115 -503 787 -349 354 -732 216 -25 555 574 -405 -647 326 -180 -279 -38 237 -503 480 54 -42 -171 -152 -92 -775 -15 -695 175 124 220
247 -190 540 83 623 223 313 79 336 -118 347 -165 -363 708 45 -139 -824 -37 -693 34 65 102 313 -304 -33 -22 482 -304 153 317 611 843 -797 114 -415 229 -318 163 551 621 -20 162 -133 134 599 134 336 1014 523 39 -225 -215 -74 -706 -184 -509 -34 -199 586 157 -2 128 445 -425 556 -237 -214 289 439 -591 -347 -34 -177 56 8 85 185 279 -260 -132 91 590 474 296 523 54 102 -314 71 289 -346 -426 -696 -182 -103 866 -306 389 65 611
-30 93 -124 419 541 -55 -249 93 526 -141 -557 -34 -12 -403 -458 -372 292 -427 19 -347 -170 252 -591 -8 535 -165 511 306 -110 -304 -186 113 462 -328 247 306 126 -17 105 -163 74 436 8 -276 -610 346 178 190 -215 434 134 -8 -834 -316 383 -65 259 158 17 571 68 505 210 98 103 -209 450 -457 -559 245 13 156 -1139 312 -932 -926 41 -47 557 -308 -171 332 -252 -153 241 355 24 -311 -533 -26 26 -153 -43 352 285 33 570 -71 -154 -75
91 478 -404 -260 202 181 341 75 -199 321 -188 -378 -525 -28 -151 233 -20 -23 218 393 -1020 -104 189 455 427 -205 209 353 -600 -446 336 198 -145 -808 645 -513 -268 483 483 101 93 141 335 223 -190 487 -547 138 -459 -140 383 -308 10 451 278 -81 436 236 -632 128 557 -157 -66 -157 145 -95 -390 543 311 482 -310 262 238 354 -22 239 128 -464 246 162 178 165 101 -171 -214 129 -628 225 -685 247 -784 549 774 271 -56 -509 -942 -296 -463 -63
84 -483 388 94 630 326 -18 -164 -394 -815 -395 -437 -97 -51 13 115 70 412 481 456 75 -71 -403 -395 -563 -277 834 -232 -414 -137 -65 -298 -460 638 714 226 -598 316 -238 -762 -458 315 -490 176 48 627 498 182 122 162 628 -311 716 -215 -174 344 232 41 51 -311 -92 -794 84 89 182 -174 -444 -88 271 3 -130 506 -231 291 -153 174 421 -492 -335 -435 270 -651 173 -386 184 -190 -689 -401 -642 -219 183 763 124 -184 141 530 114 -176 658 -77
482 1026 408 -298 -332 -368 -495 273 305 20 357 721 -356 -57 203 -237 233 599 219 308 -291 77 187 -417 -353 -561 -265 183 108 -206 -496 -442 -191 -68 -93 603 376 123 -28 93 -167 -82 -39 -111 597 -86 397 -951 46 508 16 -115 -296 -55 -612 535 548 197 69 -185 -54 -35 334 781 95 285 824 -196 553 -977 598 23 707 190 278 333 -578 177 251 -683 -24 -30 486 538 -227 -249 -185 586 -156 278 71 453 -508 -684 -351 103 496 -45 -489 -528
26 -328 30 751 -137 -151 537 271 -455 710 -122 -551 653 389 49 -248 194 504 934 274 193 -236 100 46 -346 -51 383 -234 57 327 222 -47 -419 -342 128 -642 257 -159 -492 175 -667 -16 -170 327 -578 -167 71 933 -840 -513 -293 -359 -375 -41 524 -583 -143 285 -199 586 -132 174 -381 -324 -153 -263 -597 18 80 698 -430 -242 -348 80 -357 63 -95 -266 -509 434 -310 9 -84 -338 -5 -172 642 -522 -292 612 -459 45 443 -521 -430 -12 -1089 -176 915 615
66 -372 -217 91 686 -652 -636 -253 49 -318 178 -458 478 -80 737 478 155 653 68 169 1069 -571 679 -140 -65 -543 -143 -67 -73 232 231 -136 399 325 -540 332 298 436 -98 -700 -528 38 -821 643 494 344 587 -158 292 -230 297 413 -15 -37 -310 5 -93 -552 231 172 -227 -139 202 277 -128 -557 -151 215 20 -347 -91 56 42 158 -61 -578 316 -379 239 -435 59 -125 -218 -100 -525 -238 -600 189 852 -3 1 681 -279 -484 219 -47 -500 -194 353 -344
-521 276 -342 -612 -619 -85 -258 431 87 -230 121 124 -21 681 -599 572 -526 900 -301 -639 93 -533 184 -678 -170 452 -73 -76 -243 -176 -549 943 -201 306 -444 458 326 -503 -882 -28 -372 449 130 -358 618 -65 -326 -245 -246 19 -273 507 -7 702 -440 -8 -354 -195 -21 -524 801 12 31 477 -98 147 6 419 236 -142 -116 424 186 232 -117 205 -777 -390 -67 188 626 57 612 -766 -437 466 289 460 1088 -588 778 464 -577 -221 557 -416 -338 354 217 -330
211 398 222 397 246 -262 -109 485 -296 266 71 -124 -185 140 210 16 -279 -467 -367 451 488 -66 -617 201 -178 369 -363 -395 -50 -230 147 -177 -347 358 -126 64 331 325 -88 -184 -30 364 322 110 461 -193 -136 -448 95 -414 599 -223 -137 678 397 -773 -571 -351 234 -71 69 265 550 -497 -230 -777 61 -456 -181 62 -585 -341 337 -253 456 177 69 -705 -14 589 -106 -12 253 346 -153 870 -167 -229 266 290 -374 7 -106 587 -419 199 -546 -100 -436 -172
-43 -311 533 -441 91 -253 151 259 -232 -205 72 -438 478 -708 -222 396 698 -115 -202 -213 -184 96 210 50 203 -800 58 -278 87 282 31 -282 -438 190 -212 -323 -137 -173 -8 286 833 73 212 -95 445 -375 434 183 19 -556 275 183 -67 33 81 -431 79 315 81 67 -496 -405 -14 127 -150 -571 -54 -253 287 249 -712 505 -185 -596 -501 -294 320 388 401 -663 -372 208 -645 250 -285 -194 -103 -154 195 -243 -269 279 250 101 209 10 407 -91 60 609
333 175 -55 -53 -157 64 -305 -256 553 111 -74 246 130 -678 -320 145 377 -391 271 -613 -689 817 119 -253 427 -185 -121 223 -216 -353 315 -372 877 -599 454 -51 -536 93 472 360 -358 122 254 18 -471 32 737 -17 454 72 -26 200 -556 -134 -611 424 468 114 -59 829 -587 34 205 67 97 302 -122 149 -35 534 69 -472 680 -413 118 -222 320 -54 174 -92 46 670 -196 557 20 114 70 437 9 420 303 -742 93 -316 999 275 -264 313 -1337 333
125 -333 176 494 7 15 8 -51 1 -270 -144 -60 403 554 -783 -710 556 272 -54 -61 641 41 -314 677 -238 97 -251 -48 162 -227 150 146 12 392 88 123 354 53 121 20 -131 31 51 575 -648 63 -298 148 -152 280 32 -366 515 149 -408 -567 447 -600 -585 52 -480 66 -383 -373 -701 710 -162 367 -720 367 -181 969 -922 481 351 -504 -153 -295 -131 -170 307 466 -509 -1 299 -56 -251 -158 -155 -85 321 117 104 178 -194 348 -695 511 216 -613
153 281 126 100 -234 173 -66 -511 267 20 -319 162 -185 -800 -181 188 300 -606 67 245 595 247 -309 488 40 84 -404 343 -426 -239 -76 -242 -885 352 741 511 -254 31 -89 407 -301 -151 -732 -598 -459 -65 -65 461 591 69 -3 -790 495 -631 360 111 55 358 -466 -461 93 191 293 -265 177 210 104 -184 -745 -600 -138 230 30 -306 -125 479 433 159 -1071 -74 -411 255 -12 -104 744 -517 346 519 -5 7 -340 -777 384 269 -53 449 877 -830 -123 -9
642 -3 801 -260 407 -410 -368 -311 -441 -463 280 -354 509 -400 -163 -403 49 250 -33 80 601 -164 -360 -77 -291 -1068 -314 237 351 328 62 121 -121 992 391 115 -52 142 -142 27 170 -25 -342 -130 184 -219 -64 -83 678 -230 -59 388 13 -381 -39 -218 311 339 1000 -562 -569 142 -418 152 12 311 67 338 257 -726 -13 505 222 -60 614 -904 114 -81 -136 -381 607 339 73 458 68 34 -471 -214 252 -118 -173 62 -132 -547 -85 29 495 240 -42 729
-6 208 -113 331 -528 -103 277 -351 12 -221 -543 128 -516 -587 288 -309 716 -481 -576 241 2 272 -124 316 52 -190 -593 238 311 -407 180 -877 30 13 67 -329 -568 -562 73 491 197 -583 -195 67 -931 21 -222 -9 367 -140 -408 86 477 -934 169 112 542 -258 -566 215 -328 -310 -347 137 479 566 178 -4 -97 -347 23 -283 -240 -409 -702 -797 -33 358 168 -178 130 -542 319 579 187 -688 478 2 -521 24 88 -417 301 -54 -458 -411 615 -459 -188 -205
203 -124 -41 -115 147 329 287 305 -35 -389 53 -214 -410 484 -258 95 315 464 119 302 442 -412 175 47 175 356 242 -275 -266 -164 -219 -457 -573 131 -205 -222 -278 -589 -422 -335 -94 472 -349 -307 -890 612 73 -562 264 -600 399 -398 992 -368 289 409 512 338 -698 -587 438 -104 282 -174 -313 -233 -17 -135 291 189 788 309 57 -59 -106 341 213 -19 25 -638 98 -764 123 -723 163 333 364 -463 -419 -317 34 4 404 56 -333 -491 -354 -270 -72 -611
-251 664 226 467 146 -638 -53 941 -197 -472 -198 -600 -437 76 222 -58 141 367 284 -31 -59 -58 341 285 -311 -846 -77 -6 -500 188 -24 103 -94 -7 -207 485 -76 -841 106 -2 27 -26 -205 -348 -136 -238 -100 -335 -461 -481 148 -176 90 641 -344 63 -123 479 179 -582 -176 -180 111 674 108 -332 274 47 562 284 -171 -611 616 -435 9 58 506 50 365 -647 -247 251 394 -175 480 -302 34 690 267 -477 -23 -484 153 -585 438 -147 -677 -84 -476 855
342 687 318 -31 -643 -882 241 152 -365 352 474 -152 144 317 -474 -162 130 51 -37 -638 -6 -210 -275 249 -218 -24 404 -634 151 446 -410 107 -189 -181 -608 -241 -328 -411 315 142 257 220 41 -615 97 -365 -667 -435 425 -304 -135 -54 -75 -248 -493 -50 -376 -41 222 -532 562 -137 -58 13 137 450 292 -643 28 319 175 67 -274 435 340 193 116 -485 340 -27 401 -455 364 49 504 66 166 -655 -531 162 -88 -448 419 -783 -237 108 -231 384 -237 -144
-498 142 -165 -351 212 112 -759 -232 -638 207 -14 104 210 -118 633 12 336 775 418 9 169 199 646 299 81 440 -226 -22 -726 -268 610 86 453 231 503 -276 131 154 -374 -52 337 -314 -511 523 337 533 -264 14 -204 95 -125 410 460 340 -124 -350 -195 38 130 -151 -1006 -5 201 -93 -26 369 -879 472 409 -402 -889 -119 -76 324 603 29 134 -451 -267 -258 277 -227 -155 -398 -857 -385 -468 235 -213 471 -146 577 -373 -162 391 209 -287 -135 322 -49
4 239 -61 237 -282 949 203 83 -32 423 449 144 72 201 288 50 -614 -817 574 -47 141 -527 -58 -142 -11 -324 -354 105 -210 120 -18 177 104 49 -1084 344 -8 184 342 -620 -561 -40 415 -179 295 -153 -401 181 730 931 -13 -589 -942 -58 -272 549 502 -703 286 -449 519 -79 -244 503 -556 -178 496 -120 -504 127 -379 -369 -438 827 239 7 -80 -700 -694 -331 207 454 469 783 614 443 -192 -507 -115 422 28 -420 54 653 253 188 230 515 -878 -210
92 467 -295 -898 115 -82 -235 -296 545 29 28 280 -999 -704 209 -100 580 167 87 -116 68 22 -485 426 74 227 364 184 176 -5 -137 47 497 -419 131 331 -476 -144 -687 616 -222 236 -559 -175 232 -105 -414 546 -262 126 19 107 -113 73 -17 -89 -247 -539 -252 280 667 121 -275 -107 595 1152 359 770 46 224 131 -368 -178 -184 509 -628 394 -290 469 -185 178 -206 295 153 -297 -501 85 -364 -47 -327 -522 -159 240 -633 -342 -274 703 -76 -127 -19
111 482 311 -90 127 -154 -188 62 371 108 192 -392 -525 691 -91 -64 215 -183 -461 -275 324 -111 206 -487 435 446 -366 101 30 -461 139 140 620 285 146 864 -318 -200 -539 149 -392 212 -399 385 -117 160 225 209 -155 562 -969 -30 -191 206 199 -213 -449 -70 -224 -24 626 723 243 -32 691 -63 -465 44 464 246 -182 127 221 426 509 -592 -12 -94 -285 217 -50 53 945 433 445 -71 -758 -37 533 570 5 -238 192 218 605 380 91 508 -175 123
388 640 137 -110 13 111 483 -131 379 -489 -578 -241 500 -330 28 209 -206 -252 -200 486 690 -199 -375 -316 -131 238 20 -289 435 676 -460 -181 -133 -309 -355 -136 -559 -332 -19 -509 503 -142 11 -37 78 420 -404 -349 -268 -47 -375 221 -169 -1020 373 -466 96 -211 -458 257 308 -118 157 -521 -410 -385 691 161 85 -657 1054 301 -28 -47 -49 405 264 380 -185 -208 -187 -469 -72 -558 183 -588 381 -536 36 37 69 471 737 -176 477 -101 8 -103 235 -33
-117 -438 -65 -382 -292 206 -43 412 51 -21 395 945 -192 31 711 124 253 82 92 -138 -120 -96 -369 69 108 662 -93 363 57 -387 100 -155 729 -579 -579 -39 -108 27 107 239 -25 -214 241 260 -43 212 -722 -169 88 35 147 235 359 170 -258 456 -619 -451 -486 80 187 -152 857 -48 439 -594 -259 -400 -329 -154 12 -218 -695 -101 -329 -2 -322 -255 157 159 -99 -1006 -283 214 -116 485 407 76 702 -286 -72 511 -326 545 -328 -131 -531 107 -94 557
-874 -183 62 396 -428 634 200 -133 -113 122 -94 -412 113 579 457 -451 -164 -196 -281 -52 -312 -535 109 272 165 -215 -12 48 6 -388 524 550 386 -40 -44 140 115 87 -68 364 -345 35 -239 148 -112 -336 -287 -85 196 448 -684 -74 -490 -629 -687 48 120 -36 522 543 565 684 -364 219 178 63 441 405 -206 35 -141 532 166 527 242 -297 538 5 -791 507 390 625 -235 -284 132 114 -26 192 172 -152 -379 -822 -241 -439 54 125 -23 122 300 488
-314 296 23 44 -819 -251 -85 314 -609 -416 -16 384 -471 -302 -220 95 495 -182 118 -31 -511 565 99 76 -203 -172 123 280 534 129 194 -55 -306 327 399 -105 -468 70 -342 51 295 273 501 -816 746 -576 734 -810 49 -81 -465 430 74 127 -41 492 -847 922 743 -211 -420 -642 558 124 -93 -301 774 -81 451 243 74 -466 1025 -893 -437 405 -105 42 30 -120 -393 -287 446 -196 -136 -113 389 267 -10 -61 142 -155 -260 -455 69 -110 399 -386 147 -514
246 318 -49 -291 -19 537 103 -325 -138 219 -80 -242 -665 119 -199 70 160 129 100 58 -122 182 297 -99 132 -182 425 121 172 428 -214 174 -480 -117 157 -8 -495 27 62 407 182 -90 -126 -728 41 -153 792 467 182 160 309 -437 120 -93 -150 154 -125 -152 406 -247 -195 -716 -468 2 341 290 -36 -81 139 -578 -655 -300 -486 -604 -1037 367 -207 409 -285 -186 163 -320 208 197 168 -147 -27 -82 -320 -401 58 -291 517 -172 67 171 212 372 817 -93
-323 -62 16 -514 -522 -162 315 -187 -619 671 -211 -504 -462 863 -515 -751 -363 155 -32 -230 -801 -673 753 -755 72 -172 365 -330 393 129 -86 658 -338 -378 -279 -340 33 152 62 216 -102 340 353 -826 227 -561 65 -253 -310 -117 15 423 -104 22 -263 -339 168 -167 181 -332 -612 -306 -243 151 -577 293 210 20 560 -150 61 108 101 -101 -192 422 -374 15 -367 858 -92 851 -340 -47 413 213 -684 -754 -554 117 9 33 -627 -839 241 -374 -91 -34 446 -460
-261 283 785 515 -452 244 -153 490 -204 109 -51 -127 214 410 116 -139 -9 -480 -248 -397 281 -275 -578 -208 307 367 284 21 -246 -737 360 576 -222 148 -219 -102 -1082 -77 -272 175 -447 113 -8 -606 74 -125 -346 22 -409 -78 45 -415 30 -448 39 -160 -701 126 0 385 69 67 673 -367 538 -686 122 -822 -608 -158 -58 -240 -494 -14 -421 -330 -282 -384 -278 12 -429 -511 153 535 643 757 404 -360 506 50 -600 84 -891 275 -330 443 -313 -63 173 622
205 291 301 -593 397 486 -440 -489 634 695 -321 154 121 -667 565 -111 117 -438 -361 -205 -115 376 -22 79 -70 195 -116 850 -63 -336 128 -27 632 -195 -353 -58 -809 690 120 536 -194 126 -439 237 696 1181 -8 393 402 56 -1035 262 -44 -505 -461 -326 102 -101 -545 -225 -64 -185 244 -97 698 801 -45 533 -34 131 2 -566 235 -427 286 -210 -586 584 101 -57 -86 -1012 157 -133 -221 -254 384 -390 -68 373 351 623 -334 455 378 408 -19 -187 -343 -147
221 605 450 440 561 -66 54 366 -100 142 -650 -272 -297 -660 284 64 556 -7 396 307 173 21 -379 -632 -188 505 154 -331 591 -582 -981 -187 -112 86 444 193 -248 165 73 154 -155 -54 -97 -243 356 484 -224 543 -343 -143 -359 -406 -44 -211 317 -246 -204 341 -201 -25 -301 -240 753 -1 230 -126 168 -334 -3 245 -307 197 586 -147 -134 297 102 -294 -386 -205 -429 -250 114 405 318 150 169 -19 -42 -190 -35 428 335 633 -319 90 385 -633 340 93
87 257 -319 -190 -122 -4 510 277 275 442 671 163 301 151 -283 -142 223 24 448 88 364 -778 406 -245 -63 -567 -250 173 -211 605 686 162 414 -207 -344 -331 590 -283 62 -189 -224 -152 318 89 48 -188 -74 164 119 -89 -417 455 -293 -153 -154 -351 63 -27 530 214 379 507 227 -295 238 -97 -294 -96 380 581 184 28 -341 -95 -19 134 450 -149 12 -48 31 -167 670 -103 -196 31 -430 477 379 122 92 -113 119 -30 627 -359 -550 540 -240 233
-92 130 17 526 -289 675 -99 -165 77 239 -294 -206 -443 560 -84 112 600 -270 -264 67 311 254 -74 47 -216 495 124 -115 63 -471 -235 -524 -379 -289 -63 -381 -87 -379 67 22 -739 213 192 -312 -725 264 -520 380 476 360 -14 48 269 -388 152 285 -268 218 -254 582 267 29 249 204 890 212 -139 -38 -260 118 204 -146 -568 205 -368 -293 -157 -370 -427 -111 -118 -155 -79 19 -10 -24 403 47 -72 289 -52 77 -74 322 -87 259 -42 -748 -219 -572
142 351 -298 -358 489 -73 -271 86 141 505 -63 24 -253 206 -390 -82 -17 72 444 423 309 -181 47 -4 -256 456 -895 -294 -227 39 446 682 -203 353 -182 -1082 426 49 335 193 174 134 1014 -114 825 -1021 380 -118 -179 -277 -106 523 -596 197 -484 -329 223 614 454 146 29 -155 81 -583 -899 -10 63 -142 764 -57 332 -137 184 -605 -84 267 -41 87 247 248 439 -686 458 -206 -708 222 -181 26 -186 -39 -468 -240 675 -453 525 117 5 -267 11 -420
110 79 442 294 -85 -336 67 -156 -170 261 -410 -29 216 -347 456 -325 131 172 414 756 -283 -66 126 -141 10 -435 -476 -47 79 122 189 481 -500 466 -320 -30 340 416 186 56 -71 -120 393 -698 185 -204 -1045 -253 -390 -579 227 774 -89 -387 284 -292 -447 -328 -135 -38 8 -62 -38 172 465 -458 238 -76 -268 -260 -480 -298 -674 -591 -63 -197 -394 0 540 266 -361 -62 377 -261 -296 -311 -76 -90 -399 -194 -904 -128 -126 -396 -362 -122 -167 -60 587 -16
403 20 347 -193 -1083 -719 -457 275 -161 183 -91 825 338 43 -325 -277 -126 -179 280 225 -217 703 -270 -296 147 76 -667 322 118 7 -527 -36 -275 -342 -257 -91 -84 382 297 761 -395 -352 359 -590 46 -643 13 -521 103 -310 476 497 236 -267 -111 -214 312 -169 -201 -802 21 -18 -235 417 97 827 18 -347 131 -941 18 -339 -516 98 -659 -789 -717 -660 -140 225 -128 -137 303 301 -41 -447 -85 522 -240 -907 9 -383 -236 -653 586 521 442 -51 558 47
